camera_matrix:
- - 813.2316651865876
  - 0.0
  - 318.8091945246711
- - 0.0
  - 812.4656520578739
  - 239.02151811688788
- - 0.0
  - 0.0
  - 1.0
dist_coeff:
- - -0.10152261510725782
  - 0.3596072458747277
  - -0.000238507362631671
  - 0.002183752148127594
  - 0.06321012123657603
